10 50
10 51
10 52
11 49
11 53
13 47
13 55
14 46
14 47
14 49
14 51
14 53
14 55
14 56
15 46
15 47
15 48
15 54
15 55
15 56
17 46
17 48
17 54
17 56
18 46
18 49
18 53
18 56
19 47
19 48
19 49
19 53
19 54
19 55
20 44
20 49
20 53
20 58
21 44
21 45
21 46
21 47
21 48
21 54
21 55
21 56
21 57
21 58
22 49
22 53
23 45
23 46
23 47
23 49
23 53
23 55
23 56
23 57
24 44
24 58
25 46
25 48
25 49
25 53
25 54
25 56
26 45
26 57
27 46
27 47
27 48
27 54
27 55
27 56
28 47
28 48
28 49
28 53
28 54
28 55
29 41
29 42
29 60
29 61
30 40
30 42
30 43
30 48
30 54
30 59
30 60
30 62
31 40
31 43
31 46
31 47
31 49
31 50
31 51
31 52
31 53
31 55
31 56
31 59
31 62
32 41
32 47
32 51
32 55
32 61
33 46
33 56
34 46
34 50
34 52
34 56
35 47
35 49
35 53
35 55
36 46
36 47
36 48
36 49
36 53
36 54
36 55
36 56
37 46
37 48
37 50
37 52
37 54
37 56
38 47
38 50
38 52
38 55
39 47
39 49
39 50
39 52
39 53
39 55
41 43
41 44
41 45
41 46
41 47
41 55
41 56
41 57
41 58
41 59
42 43
42 44
42 46
42 56
42 58
42 59
43 42
43 46
43 47
43 55
43 56
43 60
45 47
45 48
45 49
45 50
45 52
45 53
45 54
45 55
46 42
46 44
46 46
46 56
46 58
46 60
47 43
47 44
47 48
47 50
47 52
47 54
47 58
47 59
48 44
48 45
48 50
48 52
48 57
48 58
49 44
49 49
49 53
49 58
50 41
50 42
50 43
50 45
50 49
50 53
50 57
50 59
50 60
50 61
51 40
51 43
51 44
51 46
51 47
51 48
51 54
51 55
51 56
51 58
51 59
51 62
52 41
52 43
52 44
52 45
52 49
52 53
52 57
52 58
52 59
52 61
53 42
53 48
53 49
53 53
53 54
53 60
54 47
54 48
54 54
54 55
55 47
55 48
55 50
55 52
55 54
55 55
57 45
57 46
57 56
57 57
58 45
58 46
58 56
58 57
59 47
59 55
60 50
60 52
61 47
61 48
61 49
61 53
61 54
61 55
62 47
62 48
62 54
62 55
63 47
63 48
63 49
63 53
63 54
63 55
64 47
64 48
64 49
64 53
64 54
64 55
65 47
65 50
65 52
65 55
66 48
66 49
66 50
66 52
66 53
66 54
67 48
67 49
67 53
67 54
68 49
68 50
68 52
68 53
70 48
70 49
70 53
70 54
71 44
71 45
71 50
71 51
71 52
71 57
71 58
72 43
72 44
72 50
72 51
72 52
72 58
72 59
73 42
73 51
73 60
74 41
74 42
74 43
74 44
74 45
74 51
74 57
74 58
74 59
74 60
74 61
75 41
75 42
75 44
75 45
75 50
75 51
75 52
75 57
75 58
75 60
75 61
76 42
76 43
76 44
76 45
76 49
76 51
76 53
76 57
76 58
76 59
76 60
77 43
77 48
77 54
77 59
78 47
78 55
79 43
79 44
79 45
79 57
79 58
79 59
80 45
80 51
80 57
81 50
81 52
82 46
82 49
82 53
82 56
83 47
83 50
83 52
83 55
84 46
84 47
84 48
84 51
84 54
84 55
84 56
85 45
85 57
86 44
86 45
86 46
86 56
86 57
86 58
87 44
87 58
88 43
88 44
88 45
88 57
88 58
88 59
89 43
89 59
90 43
90 44
90 58
90 59
